0	6873
1	6872
2	6870
3	531
4	530
5	6869
6	2951
7	2950
8	6868
9	1821
10	6867
11	2952
12	2955
13	6865
14	6864
15	532
16	2954
17	1820
18	1825
19	539
20	2956
21	538
22	537
23	2959
24	2958
25	1824
26	536
27	1829
28	1827
29	1828
30	6882
31	6883
32	6884
33	6885
34	6880
35	3
36	540
37	2940
38	2
39	542
40	1
41	541
42	7
43	6876
44	2943
45	6
46	6875
47	5
48	546
49	2942
50	545
51	2941
52	4
53	1811
54	1812
55	548
56	2948
57	1813
58	2947
59	547
60	2946
61	9
62	1814
63	8
64	2945
65	549
66	1815
67	1817
68	1818
69	1819
70	6892
71	2980
72	6890
73	6895
74	6896
75	6893
76	1843
77	6889
78	2975
79	1844
80	2974
81	6888
82	512
83	6887
84	2977
85	511
86	6886
87	2976
88	2970
89	2972
90	519
91	1849
92	518
93	2979
94	517
95	2978
96	1848
97	516
98	1845
99	515
100	1846
101	6898
102	2966
103	522
104	1830
105	6897
106	2965
107	521
108	2964
109	524
110	1832
111	6899
112	2963
113	523
114	2962
115	2961
116	520
117	1838
118	1839
119	1834
120	525
121	2968
122	528
123	1837
124	527
125	571
126	570
127	2992
128	2993
129	575
130	2994
131	2995
132	573
133	578
134	2996
135	2997
136	576
137	2998
138	577
139	2999
140	2991
141	580
142	2990
143	581
144	583
145	2983
146	585
147	2981
148	2982
149	586
150	587
151	2987
152	2988
153	589
154	2985
155	2986
156	1808
157	1806
158	1805
159	1804
160	558
161	1802
162	559
163	557
164	554
165	555
166	552
167	553
168	551
169	560
170	569
171	566
172	567
173	568
174	561
175	562
176	1894
177	1892
178	1893
179	1898
180	1896
181	1897
182	6801
183	6800
184	6803
185	6802
186	6805
187	6804
188	6807
189	6806
190	6809
191	6808
192	6812
193	6811
194	6810
195	6816
196	6815
197	6814
198	6819
199	6818
200	6817
201	2914
202	1868
203	2915
204	1867
205	1869
206	2913
207	6828
208	2918
209	6829
210	2919
211	2916
212	2917
213	6824
214	1860
215	6825
216	1862
217	6827
218	6820
219	2910
220	1864
221	6821
222	1863
223	6822
224	1866
225	1865
226	6830
227	505
228	2901
229	1859
230	2902
231	1858
232	1857
233	2903
234	503
235	504
236	1856
237	2904
238	509
239	2907
240	507
241	6839
242	508
243	2908
244	1851
245	6837
246	1850
247	6838
248	6835
249	6836
250	501
251	6833
252	1855
253	6834
254	1854
255	502
256	1853
257	1852
258	2900
259	6832
260	500
261	6841
262	6840
263	2909
264	4709
265	2938
266	2939
267	4707
268	2937
269	1889
270	4708
271	2934
272	4705
273	4706
274	2935
275	6842
276	2932
277	4703
278	6843
279	1885
280	4704
281	4701
282	6844
283	1888
284	4702
285	1887
286	6846
287	1882
288	1881
289	6847
290	4700
291	1884
292	6848
293	1883
294	6849
295	1890
296	1891
297	6850
298	6852
299	2927
300	2928
301	2923
302	2924
303	4718
304	1879
305	2926
306	1878
307	6855
308	6856
309	4713
310	6853
311	2921
312	4714
313	1874
314	4715
315	2922
316	1872
317	1871
318	4710
319	6857
320	1870
321	6858
322	4711
323	1880
324	6863
325	6862
326	6861
327	4616
328	4615
329	4614
330	4613
331	4611
332	4610
333	4619
334	4618
335	4617
336	4602
337	4605
338	4604
339	4607
340	4606
341	4609
342	4608
343	4640
344	4641
345	4638
346	4637
347	4636
348	4635
349	4639
350	4630
351	4623
352	4622
353	4625
354	4627
355	4626
356	4629
357	4628
358	4663
359	4662
360	4661
361	4660
362	4659
363	4658
364	4655
365	4656
366	4653
367	4654
368	4650
369	4652
370	4651
371	4647
372	4648
373	4649
374	4642
375	4644
376	4645
377	4681
378	4680
379	4685
380	4677
381	4678
382	4675
383	4676
384	4679
385	4670
386	4672
387	4674
388	4673
389	4664
390	4665
391	4666
392	4668
393	4698
394	4699
395	4688
396	4687
397	4686
398	4695
399	4696
400	4693
401	4694
402	4691
403	595
404	597
405	596
406	599
407	598
408	592
409	593
410	6770
411	6771
412	6772
413	6773
414	1728
415	1729
416	2858
417	1726
418	1727
419	1724
420	1725
421	2859
422	2854
423	1722
424	6768
425	1723
426	6767
427	2853
428	1720
429	2856
430	1721
431	2850
432	2852
433	2851
434	6769
435	6780
436	6781
437	6782
438	6783
439	1717
440	409
441	408
442	1719
443	1713
444	2849
445	405
446	404
447	1714
448	2848
449	2847
450	1715
451	407
452	2846
453	406
454	401
455	6777
456	2845
457	400
458	2844
459	6776
460	1711
461	2843
462	6779
463	1712
464	402
465	6778
466	2842
467	2841
468	2840
469	6753
470	6750
471	2836
472	1704
473	418
474	417
475	1702
476	2838
477	2837
478	415
479	1708
480	1706
481	419
482	410
483	6749
484	2830
485	6748
486	6746
487	414
488	2832
489	1700
490	2831
491	1701
492	413
493	412
494	2834
495	2833
496	6743
497	411
498	6761
499	6762
500	6763
501	6764
502	2827
503	2826
504	426
505	429
506	428
507	2829
508	2828
509	420
510	2823
511	6755
512	2822
513	422
514	425
515	2821
516	6757
517	2820
518	424
519	2897
520	2898
521	436
522	2899
523	433
524	434
525	2893
526	431
527	432
528	2894
529	430
530	2896
531	437
532	438
533	2892
534	2891
535	2888
536	444
537	445
538	2889
539	2886
540	446
541	447
542	2887
543	2884
544	440
545	2885
546	441
547	2882
548	443
549	2883
550	448
551	6796
552	6795
553	6794
554	450
555	6793
556	6792
557	2881
558	6791
559	6790
560	2880
561	453
562	2871
563	2872
564	454
565	2873
566	452
567	6789
568	2875
569	458
570	2876
571	6787
572	2877
573	455
574	2878
575	456
576	2879
577	459
578	2870
579	461
580	460
581	462
582	2862
583	2863
584	463
585	464
586	2860
587	2861
588	6798
589	2866
590	6799
591	2867
592	467
593	468
594	2865
595	2869
596	1799
597	1797
598	1798
599	1795
600	1796
601	1793
602	1794
603	1782
604	1783
605	1785
606	1789
607	1791
608	1773
609	1774
610	1771
611	1777
612	1778
613	1776
614	1781
615	1780
616	6721
617	2811
618	1765
619	2812
620	6722
621	6723
622	1767
623	6724
624	1766
625	1761
626	6726
627	6728
628	1762
629	2819
630	2817
631	2818
632	1769
633	2815
634	1768
635	2816
636	2813
637	2814
638	1770
639	6731
640	6730
641	1756
642	6734
643	1755
644	2800
645	6732
646	1754
647	1753
648	2801
649	6733
650	1752
651	6738
652	1751
653	6739
654	6736
655	1750
656	6737
657	2807
658	2809
659	2802
660	2803
661	1758
662	2804
663	1757
664	6741
665	6740
666	6703
667	6704
668	6706
669	1740
670	1742
671	6700
672	1745
673	1744
674	6702
675	1747
676	1749
677	1748
678	6707
679	6708
680	6709
681	6716
682	1730
683	6717
684	6714
685	6715
686	1734
687	6712
688	6713
689	1733
690	6710
691	6711
692	1738
693	1736
694	1735
695	6718
696	1739
697	6720
698	4520
699	35
700	33
701	34
702	39
703	37
704	38
705	4519
706	4518
707	43
708	41
709	40
710	4513
711	4512
712	4511
713	4517
714	4516
715	4515
716	22
717	23
718	28
719	29
720	4508
721	4507
722	4509
723	30
724	32
725	4500
726	4501
727	4504
728	4506
729	19
730	15
731	13
732	14
733	21
734	20
735	10
736	78
737	77
738	4560
739	4564
740	4563
741	4562
742	4561
743	4556
744	4557
745	4558
746	4559
747	82
748	83
749	81
750	86
751	87
752	84
753	85
754	67
755	66
756	69
757	68
758	4551
759	4550
760	4553
761	4552
762	4544
763	4545
764	4546
765	4547
766	4548
767	4549
768	70
769	71
770	72
771	73
772	74
773	75
774	76
775	57
776	56
777	55
778	4542
779	4540
780	1699
781	4539
782	1698
783	4536
784	1695
785	4534
786	1694
787	4535
788	4532
789	1697
790	1696
791	4533
792	64
793	65
794	62
795	63
796	60
797	61
798	49
799	48
800	45
801	47
802	46
803	4531
804	4530
805	4527
806	4528
807	4521
808	4522
809	4524
810	51
811	52
812	53
813	487
814	4599
815	486
816	4598
817	485
818	484
819	489
820	488
821	482
822	483
823	480
824	481
825	474
826	473
827	4589
828	476
829	4588
830	475
831	4587
832	478
833	477
834	479
835	4593
836	4591
837	4596
838	4597
839	4594
840	471
841	4595
842	472
843	2788
844	2787
845	2789
846	2784
847	4576
848	2786
849	4579
850	4578
851	2790
852	4584
853	2791
854	4585
855	2793
856	4580
857	4581
858	4582
859	99
860	98
861	97
862	96
863	94
864	93
865	92
866	499
867	2799
868	2798
869	4569
870	4568
871	496
872	2797
873	495
874	4567
875	2796
876	4566
877	2794
878	497
879	4565
880	4574
881	491
882	4575
883	4572
884	4573
885	4570
886	4571
887	88
888	338
889	333
890	330
891	331
892	337
893	349
894	342
895	343
896	344
897	346
898	340
899	318
900	316
901	317
902	314
903	315
904	310
905	327
906	328
907	323
908	324
909	326
910	321
911	322
912	300
913	302
914	301
915	304
916	306
917	305
918	308
919	307
920	309
921	1601
922	1602
923	1600
924	1609
925	1607
926	1608
927	1605
928	1606
929	1603
930	1626
931	1625
932	4925
933	1628
934	4926
935	1627
936	1629
937	4920
938	4923
939	1622
940	4924
941	1621
942	1624
943	1623
944	1617
945	4936
946	4937
947	4938
948	1614
949	1619
950	1618
951	4931
952	1613
953	4933
954	1611
955	4934
956	4935
957	1610
958	4949
959	4947
960	4948
961	1649
962	1644
963	4946
964	1643
965	4943
966	1646
967	4944
968	4941
969	1640
970	4942
971	1642
972	1641
973	4958
974	1639
975	1638
976	4959
977	1637
978	1636
979	1635
980	4954
981	1634
982	4955
983	1633
984	4956
985	1632
986	4957
987	4950
988	1631
989	1630
990	4951
991	4952
992	4953
993	1671
994	1670
995	1661
996	1662
997	1663
998	1666
999	1667
1000	1668
1001	1669
1002	1660
1003	1653
1004	1650
1005	1656
1006	1657
1007	1654
1008	1655
1009	1659
1010	1690
1011	1692
1012	4902
1013	1688
1014	4900
1015	1689
1016	1683
1017	1684
1018	1685
1019	1686
1020	4909
1021	4908
1022	4907
1023	4906
1024	4905
1025	4904
1026	1682
1027	1681
1028	1680
1029	4911
1030	1678
1031	4913
1032	1676
1033	4912
1034	1677
1035	1674
1036	1675
1037	1672
1038	1673
1039	4919
1040	4918
1041	4915
1042	4914
1043	4917
1044	4916
1045	1578
1046	1577
1047	1579
1048	4897
1049	1574
1050	4898
1051	1573
1052	1576
1053	4895
1054	4896
1055	1575
1056	1580
1057	1581
1058	1583
1059	4888
1060	1589
1061	1588
1062	1587
1063	4884
1064	1586
1065	4886
1066	1584
1067	4887
1068	1593
1069	4892
1070	4891
1071	1594
1072	4894
1073	1591
1074	1592
1075	1590
1076	4890
1077	1596
1078	1595
1079	1598
1080	1597
1081	1599
1082	4858
1083	4857
1084	4855
1085	4853
1086	4852
1087	4851
1088	4861
1089	4845
1090	4844
1091	4846
1092	4841
1093	4840
1094	4843
1095	4849
1096	4850
1097	4876
1098	4875
1099	4874
1100	4873
1101	4879
1102	4878
1103	4877
1104	4882
1105	4883
1106	4880
1107	4881
1108	4863
1109	4862
1110	4864
1111	4867
1112	4866
1113	4869
1114	4868
1115	4871
1116	4872
1117	5950
1118	5948
1119	5947
1120	5945
1121	5942
1122	5941
1123	5940
1124	5938
1125	5937
1126	5939
1127	5936
1128	5930
1129	5931
1130	5971
1131	5972
1132	5970
1133	5965
1134	5963
1135	5969
1136	5968
1137	5967
1138	391
1139	390
1140	393
1141	392
1142	395
1143	5961
1144	394
1145	5959
1146	396
1147	5952
1148	397
1149	5951
1150	5954
1151	398
1152	399
1153	5953
1154	5956
1155	5955
1156	5958
1157	5957
1158	383
1159	5993
1160	384
1161	381
1162	5992
1163	5991
1164	382
1165	380
1166	5988
1167	389
1168	5989
1169	388
1170	5986
1171	387
1172	5987
1173	386
1174	5985
1175	385
1176	370
1177	371
1178	5983
1179	5982
1180	5977
1181	379
1182	378
1183	5978
1184	5979
1185	375
1186	5973
1187	5974
1188	374
1189	377
1190	376
1191	361
1192	362
1193	360
1194	365
1195	364
1196	363
1197	368
1198	350
1199	351
1200	353
1201	5995
1202	5996
1203	5997
1204	355
1205	354
1206	5999
1207	359
1208	358
1209	202
1210	204
1211	201
1212	206
1213	207
1214	208
1215	209
1216	211
1217	212
1218	210
1219	215
1220	216
1221	213
1222	214
1223	219
1224	217
1225	218
1226	220
1227	221
1228	222
1229	223
1230	224
1231	225
1232	226
1233	227
1234	228
1235	229
1236	5919
1237	5917
1238	5918
1239	5915
1240	5913
1241	5914
1242	5911
1243	5912
1244	5910
1245	5926
1246	5927
1247	5928
1248	5929
1249	5922
1250	5923
1251	5924
1252	5925
1253	5920
1254	5921
1255	6989
1256	6988
1257	6987
1258	6986
1259	6985
1260	6994
1261	6995
1262	6992
1263	6990
1264	5904
1265	5905
1266	5906
1267	5908
1268	5909
1269	5901
1270	6999
1271	6998
1272	6971
1273	1523
1274	4824
1275	6963
1276	6964
1277	4822
1278	6965
1279	1525
1280	6966
1281	1524
1282	6967
1283	4820
1284	6968
1285	4821
1286	6969
1287	1520
1288	1527
1289	4828
1290	1526
1291	4829
1292	4826
1293	4827
1294	1528
1295	6980
1296	6984
1297	6982
1298	6981
1299	4833
1300	6976
1301	1514
1302	1513
1303	6977
1304	1512
1305	4835
1306	6974
1307	4836
1308	6975
1309	1511
1310	1510
1311	4830
1312	4831
1313	6979
1314	1519
1315	1518
1316	4837
1317	4838
1318	1516
1319	4839
1320	1515
1321	6951
1322	6945
1323	6946
1324	6948
1325	6941
1326	1501
1327	1500
1328	4803
1329	1503
1330	4800
1331	6943
1332	6944
1333	1505
1334	4806
1335	4807
1336	4804
1337	4805
1338	1506
1339	1509
1340	1508
1341	4808
1342	4809
1343	6962
1344	6961
1345	6960
1346	6958
1347	6959
1348	4811
1349	6954
1350	4812
1351	6955
1352	6952
1353	4813
1354	6953
1355	4819
1356	1570
1357	1572
1358	1571
1359	6928
1360	6927
1361	1566
1362	6920
1363	1568
1364	1569
1365	6924
1366	1563
1367	6926
1368	1564
1369	6925
1370	1565
1371	1561
1372	6940
1373	6939
1374	6938
1375	1559
1376	1557
1377	6933
1378	1558
1379	1555
1380	6931
1381	1556
1382	6930
1383	6937
1384	1553
1385	6936
1386	1554
1387	1550
1388	1548
1389	6909
1390	1549
1391	6906
1392	6905
1393	6908
1394	6907
1395	1540
1396	6902
1397	6901
1398	1541
1399	6904
1400	6903
1401	1543
1402	1545
1403	1546
1404	6900
1405	1547
1406	1539
1407	1537
1408	1538
1409	6919
1410	6918
1411	6917
1412	6916
1413	6915
1414	1531
1415	6914
1416	1532
1417	6913
1418	6912
1419	1535
1420	6911
1421	1536
1422	6910
1423	1533
1424	1534
1425	1475
1426	4799
1427	1474
1428	1476
1429	1479
1430	1481
1431	1483
1432	1484
1433	1488
1434	4785
1435	4786
1436	1487
1437	4787
1438	4788
1439	1485
1440	1490
1441	1495
1442	4792
1443	4795
1444	1492
1445	1493
1446	4794
1447	1457
1448	1456
1449	1459
1450	4778
1451	4779
1452	1458
1453	1453
1454	4776
1455	1452
1456	4777
1457	1455
1458	4775
1459	1454
1460	4784
1461	4783
1462	1461
1463	4782
1464	4781
1465	1462
1466	4780
1467	4767
1468	1469
1469	4769
1470	1468
1471	1467
1472	5899
1473	1466
1474	4763
1475	1465
1476	4764
1477	5897
1478	4765
1479	5896
1480	4766
1481	1472
1482	1473
1483	1470
1484	4773
1485	4772
1486	1471
1487	4755
1488	4753
1489	4759
1490	4761
1491	4762
1492	4749
1493	4742
1494	4743
1495	4745
1496	4748
1497	4747
1498	4750
1499	4751
1500	4739
1501	4736
1502	4735
1503	4734
1504	4733
1505	1496
1506	4732
1507	1497
1508	4730
1509	1499
1510	4740
1511	4728
1512	4727
1513	4724
1514	4723
1515	4720
1516	4722
1517	4721
1518	281
1519	280
1520	285
1521	5850
1522	5851
1523	284
1524	283
1525	282
1526	5844
1527	5843
1528	5842
1529	286
1530	5841
1531	5846
1532	5849
1533	272
1534	271
1535	274
1536	5840
1537	273
1538	275
1539	5831
1540	5830
1541	277
1542	5833
1543	278
1544	5832
1545	5834
1546	5837
1547	5836
1548	5839
1549	5838
1550	5824
1551	5822
1552	5829
1553	5828
1554	5827
1555	294
1556	293
1557	295
1558	290
1559	292
1560	291
1561	5813
1562	5812
1563	5815
1564	5814
1565	297
1566	298
1567	299
1568	5811
1569	5819
1570	5818
1571	5891
1572	5890
1573	5895
1574	240
1575	5894
1576	5893
1577	5892
1578	5887
1579	245
1580	244
1581	5888
1582	5885
1583	249
1584	248
1585	247
1586	246
1587	5880
1588	5882
1589	230
1590	239
1591	5874
1592	232
1593	231
1594	5875
1595	5876
1596	234
1597	233
1598	5877
1599	236
1600	5878
1601	5879
1602	235
1603	238
1604	237
1605	262
1606	263
1607	5871
1608	261
1609	5869
1610	269
1611	268
1612	5868
1613	5865
1614	267
1615	266
1616	5866
1617	5863
1618	5864
1619	250
1620	251
1621	5862
1622	252
1623	5861
1624	5856
1625	257
1626	5857
1627	259
1628	5852
1629	254
1630	253
1631	5853
1632	5854
1633	256
1634	5855
1635	255
1636	1411
1637	941
1638	1415
1639	942
1640	1414
1641	1413
1642	1412
1643	940
1644	945
1645	1419
1646	1418
1647	946
1648	943
1649	1417
1650	1416
1651	944
1652	947
1653	948
1654	1422
1655	1423
1656	930
1657	1426
1658	931
1659	1428
1660	932
1661	1427
1662	933
1663	934
1664	935
1665	936
1666	938
1667	939
1668	929
1669	1437
1670	920
1671	1436
1672	1435
1673	1432
1674	1431
1675	1430
1676	928
1677	926
1678	923
1679	924
1680	1439
1681	921
1682	1438
1683	919
1684	918
1685	1440
1686	1445
1687	1442
1688	1441
1689	1444
1690	1443
1691	914
1692	915
1693	916
1694	917
1695	910
1696	1449
1697	911
1698	912
1699	913
1700	908
1701	907
1702	909
1703	1450
1704	988
1705	987
1706	982
1707	981
1708	980
1709	986
1710	985
1711	984
1712	983
1713	977
1714	976
1715	971
1716	970
1717	975
1718	974
1719	969
1720	968
1721	967
1722	966
1723	964
1724	963
1725	961
1726	960
1727	959
1728	1409
1729	958
1730	955
1731	1405
1732	954
1733	1406
1734	1407
1735	956
1736	1408
1737	951
1738	1401
1739	950
1740	1402
1741	953
1742	952
1743	1404
1744	4292
1745	4294
1746	4296
1747	4295
1748	4298
1749	4297
1750	4299
1751	5802
1752	5804
1753	5800
1754	5806
1755	5805
1756	5808
1757	5807
1758	997
1759	994
1760	995
1761	992
1762	993
1763	991
1764	998
1765	999
1766	2508
1767	2506
1768	2505
1769	2509
1770	2500
1771	2504
1772	2502
1773	2501
1774	2516
1775	2518
1776	2511
1777	2510
1778	2513
1779	2512
1780	2515
1781	2527
1782	2526
1783	2525
1784	2524
1785	2522
1786	2521
1787	2540
1788	2539
1789	2538
1790	2534
1791	2537
1792	2536
1793	2531
1794	2530
1795	5736
1796	4208
1797	2437
1798	5735
1799	2438
1800	5738
1801	4206
1802	5737
1803	4207
1804	2436
1805	2433
1806	5732
1807	4204
1808	4205
1809	5731
1810	2434
1811	4202
1812	2431
1813	5734
1814	4203
1815	2432
1816	5733
1817	5739
1818	2439
1819	7060
1820	7063
1821	7062
1822	4212
1823	7068
1824	2441
1825	7067
1826	2440
1827	5741
1828	7065
1829	7069
1830	2424
1831	4217
1832	5749
1833	5748
1834	2425
1835	4219
1836	5747
1837	5746
1838	2427
1839	4213
1840	5745
1841	5744
1842	4214
1843	2422
1844	4215
1845	4216
1846	2423
1847	2429
1848	7071
1849	7070
1850	7073
1851	7072
1852	5752
1853	4220
1854	4223
1855	7079
1856	7078
1857	5750
1858	4222
1859	4226
1860	2455
1861	4227
1862	5753
1863	4224
1864	5756
1865	2453
1866	2454
1867	5755
1868	2459
1869	5758
1870	4228
1871	2457
1872	5759
1873	2458
1874	4229
1875	7042
1876	7041
1877	7040
1878	4230
1879	7049
1880	7048
1881	7046
1882	5760
1883	4234
1884	2462
1885	7045
1886	4232
1887	2461
1888	7044
1889	2460
1890	4231
1891	7043
1892	5767
1893	2442
1894	4235
1895	5766
1896	4236
1897	4237
1898	2444
1899	5765
1900	4238
1901	2445
1902	2446
1903	2447
1904	5769
1905	2448
1906	2449
1907	5768
1908	7051
1909	7050
1910	7059
1911	5770
1912	4241
1913	7055
1914	4243
1915	5773
1916	2450
1917	5774
1918	4242
1919	7054
1920	5771
1921	4245
1922	7057
1923	5772
1924	7056
1925	2451
1926	2478
1927	4249
1928	2477
1929	4247
1930	2476
1931	2475
1932	4246
1933	2484
1934	4255
1935	4256
1936	2485
1937	2482
1938	4253
1939	2483
1940	4254
1941	2480
1942	4252
1943	4250
1944	5708
1945	5707
1946	5704
1947	2469
1948	5705
1949	2468
1950	5702
1951	5703
1952	4258
1953	5700
1954	4257
1955	2466
1956	2471
1957	4264
1958	2472
1959	4265
1960	2473
1961	4266
1962	2474
1963	4260
1964	4261
1965	2470
1966	4263
1967	5717
1968	5719
1969	5710
1970	2499
1971	2498
1972	4269
1973	5711
1974	2497
1975	4268
1976	5712
1977	5713
1978	5715
1979	5716
1980	4274
1981	4271
1982	4272
1983	4277
1984	4278
1985	4275
1986	7087
1987	4276
1988	7085
1989	7083
1990	7084
1991	7081
1992	4270
1993	7082
1994	5729
1995	4279
1996	5723
1997	2486
1998	2489
1999	5720
2000	5721
2001	2488
2002	5726
2003	5727
2004	5724
2005	4282
2006	2490
2007	2491
2008	4285
2009	7098
2010	2493
2011	4286
2012	5730
2013	4287
2014	7099
2015	2494
2016	2495
2017	4288
2018	2496
2019	7094
2020	7095
2021	7096
2022	7091
2023	7092
2024	7093
2025	1395
2026	1396
2027	1394
2028	1391
2029	1392
2030	1390
2031	1389
2032	1387
2033	1386
2034	1382
2035	1380
2036	1381
2037	1379
2038	1378
2039	1377
2040	1398
2041	1399
2042	7021
2043	5785
2044	5784
2045	1351
2046	7022
2047	1350
2048	5783
2049	7023
2050	7024
2051	5782
2052	7025
2053	5781
2054	7026
2055	5780
2056	7027
2057	7020
2058	1348
2059	7018
2060	5779
2061	1347
2062	5777
2063	1345
2064	5778
2065	5775
2066	1342
2067	1343
2068	7034
2069	7035
2070	5793
2071	5796
2072	1341
2073	7032
2074	1340
2075	5795
2076	7038
2077	7036
2078	5792
2079	5791
2080	7037
2081	7030
2082	7031
2083	1339
2084	1335
2085	1336
2086	7029
2087	1338
2088	5786
2089	1331
2090	5787
2091	1332
2092	1334
2093	1370
2094	7003
2095	7004
2096	7005
2097	7006
2098	7000
2099	1372
2100	7002
2101	1371
2102	5799
2103	1366
2104	1367
2105	5797
2106	1364
2107	1365
2108	5798
2109	1368
2110	1369
2111	7017
2112	7014
2113	7015
2114	4200
2115	7012
2116	1360
2117	7013
2118	1363
2119	7011
2120	1362
2121	1354
2122	1355
2123	1356
2124	1357
2125	1358
2126	7009
2127	1359
2128	7008
2129	7007
2130	806
2131	807
2132	804
2133	805
2134	803
2135	1319
2136	1318
2137	1317
2138	1316
2139	1315
2140	1313
2141	1311
2142	1310
2143	1328
2144	1324
2145	1327
2146	1326
2147	1321
2148	1322
2149	824
2150	825
2151	822
2152	828
2153	829
2154	826
2155	827
2156	820
2157	821
2158	1307
2159	1306
2160	812
2161	1309
2162	813
2163	814
2164	1308
2165	817
2166	1301
2167	1300
2168	1303
2169	1302
2170	1305
2171	1304
2172	810
2173	809
2174	808
2175	843
2176	842
2177	841
2178	840
2179	849
2180	848
2181	847
2182	846
2183	845
2184	844
2185	830
2186	832
2187	838
2188	837
2189	839
2190	834
2191	833
2192	835
2193	861
2194	860
2195	865
2196	862
2197	869
2198	868
2199	867
2200	852
2201	854
2202	853
2203	856
2204	855
2205	857
2206	859
2207	888
2208	889
2209	884
2210	885
2211	886
2212	887
2213	880
2214	881
2215	882
2216	883
2217	4199
2218	4198
2219	4195
2220	4194
2221	4191
2222	4190
2223	4193
2224	4192
2225	879
2226	877
2227	878
2228	875
2229	876
2230	873
2231	874
2232	872
2233	4185
2234	4184
2235	4183
2236	4188
2237	4187
2238	4182
2239	4181
2240	4173
2241	4172
2242	4175
2243	4174
2244	890
2245	4176
2246	4179
2247	4178
2248	4171
2249	4170
2250	899
2251	4169
2252	891
2253	892
2254	897
2255	895
2256	896
2257	2405
2258	2404
2259	2403
2260	2402
2261	2401
2262	2409
2263	2407
2264	2406
2265	2414
2266	2416
2267	2415
2268	2410
2269	2411
2270	2417
2271	2419
2272	4105
2273	2334
2274	4106
2275	5632
2276	2335
2277	5635
2278	4103
2279	2332
2280	2333
2281	5634
2282	4104
2283	4109
2284	5637
2285	2339
2286	5636
2287	5639
2288	2337
2289	4108
2290	7169
2291	7167
2292	7166
2293	2341
2294	2340
2295	5641
2296	7165
2297	5642
2298	7164
2299	7162
2300	7161
2301	7160
2302	2329
2303	5646
2304	2321
2305	5645
2306	2322
2307	4115
2308	4116
2309	2323
2310	5643
2311	4117
2312	4118
2313	2325
2314	2326
2315	5649
2316	4119
2317	5648
2318	2327
2319	5647
2320	2328
2321	7179
2322	4120
2323	4122
2324	5652
2325	7175
2326	4121
2327	2331
2328	4124
2329	5650
2330	5651
2331	7177
2332	7172
2333	7171
2334	7173
2335	7170
2336	5618
2337	2318
2338	5615
2339	2316
2340	5614
2341	2317
2342	5617
2343	2314
2344	5616
2345	2315
2346	5611
2347	2313
2348	5610
2349	2310
2350	5613
2351	5612
2352	2320
2353	7188
2354	7187
2355	5620
2356	7181
2357	7185
2358	7184
2359	7183
2360	7182
2361	2307
2362	2309
2363	5629
2364	2303
2365	5628
2366	2306
2367	5624
2368	5623
2369	2300
2370	2301
2371	5622
2372	5621
2373	2302
2374	4100
2375	5630
2376	7198
2377	7197
2378	5631
2379	4102
2380	7190
2381	7192
2382	7191
2383	7194
2384	7196
2385	7195
2386	2379
2387	2378
2388	4149
2389	4148
2390	2377
2391	4147
2392	2376
2393	4153
2394	2382
2395	4150
2396	4151
2397	4156
2398	4157
2399	2386
2400	2383
2401	4155
2402	2384
2403	4159
2404	2366
2405	5601
2406	4158
2407	2365
2408	5602
2409	5600
2410	2367
2411	5605
2412	5604
2413	5607
2414	4161
2415	4162
2416	2370
2417	4163
2418	4164
2419	4165
2420	4166
2421	4167
2422	2374
2423	4168
2424	2359
2425	2358
2426	4129
2427	2357
2428	4128
2429	4127
2430	2356
2431	2355
2432	4126
2433	2354
2434	2363
2435	4134
2436	4135
2437	2364
2438	2361
2439	4132
2440	2362
2441	4133
2442	2360
2443	4131
2444	2347
2445	2349
2446	4137
2447	2344
2448	2343
2449	2346
2450	2345
2451	4138
2452	2350
2453	4143
2454	4144
2455	2351
2456	4145
2457	2353
2458	4140
2459	4141
2460	4142
2461	1293
2462	1290
2463	1296
2464	1297
2465	1294
2466	1295
2467	1282
2468	1283
2469	1284
2470	1285
2471	1286
2472	1277
2473	1276
2474	1278
2475	1274
2476	1275
2477	1272
2478	7100
2479	1273
2480	1270
2481	7102
2482	1271
2483	7105
2484	1269
2485	2398
2486	1268
2487	2399
2488	1267
2489	5699
2490	1266
2491	1265
2492	5698
2493	1261
2494	7112
2495	2397
2496	2396
2497	1262
2498	1263
2499	1264
2500	2394
2501	7116
2502	2392
2503	7114
2504	1260
2505	2390
2506	7113
2507	1259
2508	7109
2509	7106
2510	7107
2511	1255
2512	2389
2513	1254
2514	2387
2515	1257
2516	1256
2517	2388
2518	7124
2519	5682
2520	7125
2521	5681
2522	7126
2523	5680
2524	5686
2525	7120
2526	1253
2527	1252
2528	7121
2529	5685
2530	1251
2531	7122
2532	7123
2533	5683
2534	5678
2535	1245
2536	1246
2537	1243
2538	5676
2539	5677
2540	1244
2541	1249
2542	7118
2543	7117
2544	1247
2545	1248
2546	7119
2547	7130
2548	5691
2549	5690
2550	7135
2551	5693
2552	7136
2553	5692
2554	1240
2555	7134
2556	5697
2557	1242
2558	1241
2559	7132
2560	5696
2561	1232
2562	5687
2563	5688
2564	1234
2565	5689
2566	1236
2567	7129
2568	1238
2569	1239
2570	7128
2571	7140
2572	7141
2573	5664
2574	1231
2575	7142
2576	7143
2577	1230
2578	7144
2579	5661
2580	5660
2581	7147
2582	7149
2583	1227
2584	7139
2585	1228
2586	1225
2587	5658
2588	1226
2589	5659
2590	1223
2591	1224
2592	5657
2593	5654
2594	1221
2595	5655
2596	1222
2597	1229
2598	7152
2599	7155
2600	5673
2601	5672
2602	5675
2603	7153
2604	1220
2605	7154
2606	5674
2607	7159
2608	5671
2609	7157
2610	5670
2611	7158
2612	1214
2613	1215
2614	1217
2615	1210
2616	5665
2617	5666
2618	5667
2619	1212
2620	1213
2621	905
2622	900
2623	1219
2624	902
2625	748
2626	747
2627	746
2628	745
2629	749
2630	740
2631	742
2632	741
2633	735
2634	734
2635	737
2636	731
2637	730
2638	733
2639	729
2640	728
2641	727
2642	725
2643	723
2644	721
2645	720
2646	719
2647	718
2648	713
2649	712
2650	710
2651	700
2652	703
2653	704
2654	701
2655	702
2656	707
2657	708
2658	705
2659	706
2660	1204
2661	1206
2662	1205
2663	1200
2664	1202
2665	1201
2666	1208
2667	1207
2668	2748
2669	2747
2670	2742
2671	2741
2672	2746
2673	2745
2674	2744
2675	2759
2676	2750
2677	2753
2678	2752
2679	2755
2680	2754
2681	2757
2682	2756
2683	2760
2684	2769
2685	2768
2686	2767
2687	2766
2688	2765
2689	2764
2690	2762
2691	2770
2692	2777
2693	799
2694	2779
2695	797
2696	796
2697	795
2698	2773
2699	2772
2700	794
2701	2775
2702	793
2703	2774
2704	792
2705	790
2706	2780
2707	2782
2708	781
2709	783
2710	784
2711	2701
2712	2702
2713	787
2714	788
2715	2700
2716	789
2717	2705
2718	2706
2719	2703
2720	2704
2721	2709
2722	2707
2723	2708
2724	780
2725	772
2726	773
2727	770
2728	2711
2729	774
2730	775
2731	2713
2732	2715
2733	778
2734	2716
2735	2717
2736	779
2737	2719
2738	763
2739	764
2740	2724
2741	2721
2742	765
2743	2722
2744	766
2745	761
2746	762
2747	2729
2748	767
2749	2727
2750	768
2751	2725
2752	769
2753	2726
2754	2732
2755	755
2756	753
2757	2735
2758	750
2759	751
2760	2730
2761	2731
2762	758
2763	2736
2764	759
2765	2738
2766	756
2767	2739
2768	757
2769	4497
2770	1195
2771	4495
2772	1198
2773	4496
2774	1192
2775	4494
2776	1194
2777	1193
2778	4492
2779	4490
2780	1190
2781	1188
2782	4489
2783	4488
2784	1187
2785	1186
2786	1185
2787	1184
2788	1183
2789	1179
2790	1177
2791	1178
2792	1199
2793	4454
2794	2683
2795	2682
2796	4453
2797	2681
2798	4452
2799	2680
2800	4451
2801	4450
2802	2679
2803	4448
2804	2677
2805	4449
2806	2678
2807	2675
2808	4447
2809	2676
2810	2673
2811	4444
2812	4445
2813	2674
2814	2670
2815	4463
2816	5510
2817	4465
2818	2672
2819	2671
2820	4464
2821	4461
2822	5507
2823	2666
2824	5506
2825	5505
2826	5504
2827	2669
2828	2662
2829	5503
2830	2663
2831	4456
2832	5501
2833	4457
2834	4458
2835	2665
2836	5509
2837	5508
2838	4472
2839	4471
2840	4470
2841	4476
2842	4475
2843	5520
2844	4473
2845	5521
2846	5512
2847	5511
2848	4469
2849	4466
2850	2695
2851	4467
2852	2696
2853	5516
2854	5518
2855	5517
2856	5519
2857	4481
2858	4480
2859	2690
2860	4482
2861	4485
2862	2691
2863	4484
2864	2694
2865	4487
2866	2693
2867	4486
2868	4477
2869	5524
2870	4478
2871	2685
2872	5523
2873	2687
2874	5529
2875	2688
2876	2689
2877	5527
2878	4408
2879	1109
2880	1106
2881	5539
2882	4405
2883	4404
2884	1107
2885	5537
2886	4407
2887	1104
2888	1105
2889	5538
2890	4406
2891	5535
2892	4401
2893	1103
2894	4400
2895	5536
2896	5533
2897	1101
2898	4402
2899	5543
2900	1110
2901	5542
2902	5541
2903	5540
2904	4419
2905	4418
2906	5548
2907	4417
2908	4416
2909	4415
2910	4414
2911	5544
2912	5545
2913	4413
2914	4412
2915	5546
2916	5547
2917	5552
2918	5551
2919	4421
2920	5553
2921	5550
2922	5557
2923	1124
2924	4423
2925	5558
2926	1125
2927	4422
2928	1122
2929	4425
2930	5556
2931	4424
2932	4427
2933	1128
2934	1129
2935	4426
2936	1126
2937	4429
2938	5559
2939	4428
2940	1127
2941	5561
2942	5560
2943	1132
2944	1131
2945	5564
2946	4430
2947	5563
2948	4431
2949	1130
2950	5562
2951	4432
2952	1119
2953	5566
2954	1111
2955	1112
2956	4434
2957	1113
2958	5568
2959	5569
2960	1114
2961	4433
2962	1115
2963	4439
2964	4438
2965	1117
2966	4437
2967	1118
2968	5570
2969	5572
2970	5571
2971	5574
2972	4442
2973	4443
2974	5573
2975	5576
2976	4440
2977	1121
2978	4441
2979	1120
2980	5575
2981	1149
2982	1148
2983	1147
2984	5579
2985	1146
2986	1145
2987	5578
2988	5577
2989	5586
2990	1153
2991	5587
2992	5584
2993	1152
2994	5585
2995	5582
2996	1150
2997	5583
2998	5580
2999	5581
3000	1137
3001	1139
3002	5589
3003	1133
3004	1135
3005	5590
3006	1140
3007	5596
3008	5597
3009	1142
3010	1143
3011	5591
3012	5592
3013	5594
3014	1169
3015	1168
3016	1167
3017	1166
3018	5599
3019	1172
3020	1175
3021	1176
3022	1173
3023	1174
3024	1156
3025	1155
3026	1158
3027	1157
3028	1160
3029	1161
3030	1163
3031	1164
3032	1165
3033	601
3034	600
3035	609
3036	608
3037	607
3038	605
3039	604
3040	603
3041	602
3042	623
3043	622
3044	621
3045	620
3046	627
3047	626
3048	625
3049	629
3050	628
3051	610
3052	611
3053	614
3054	616
3055	615
3056	617
3057	2646
3058	2645
3059	689
3060	2644
3061	683
3062	2643
3063	682
3064	2641
3065	685
3066	684
3067	2640
3068	2649
3069	2648
3070	2650
3071	681
3072	2656
3073	678
3074	677
3075	676
3076	2658
3077	2657
3078	2652
3079	2651
3080	673
3081	2654
3082	672
3083	2653
3084	2659
3085	679
3086	670
3087	2660
3088	2661
3089	2621
3090	2620
3091	2624
3092	2623
3093	2629
3094	2628
3095	2627
3096	2630
3097	695
3098	694
3099	2631
3100	2634
3101	2633
3102	699
3103	2636
3104	698
3105	697
3106	2638
3107	2637
3108	691
3109	692
3110	690
3111	2609
3112	2606
3113	2607
3114	647
3115	648
3116	2604
3117	649
3118	2605
3119	2602
3120	642
3121	2603
3122	643
3123	644
3124	2601
3125	640
3126	641
3127	2619
3128	637
3129	2616
3130	638
3131	635
3132	2617
3133	636
3134	2611
3135	2612
3136	630
3137	2610
3138	668
3139	669
3140	661
3141	662
3142	663
3143	664
3144	665
3145	666
3146	667
3147	659
3148	657
3149	658
3150	651
3151	652
3152	650
3153	655
3154	656
3155	653
3156	654
3157	4390
3158	4391
3159	1091
3160	1093
3161	4394
3162	1092
3163	4395
3164	4392
3165	1095
3166	1094
3167	4398
3168	1097
3169	1096
3170	4399
3171	1099
3172	4396
3173	4397
3174	1089
3175	4389
3176	1080
3177	1084
3178	1083
3179	1082
3180	1081
3181	1088
3182	1087
3183	1086
3184	1085
3185	1078
3186	1079
3187	4376
3188	1074
3189	4377
3190	4374
3191	1077
3192	1076
3193	4372
3194	1071
3195	1073
3196	4370
3197	1067
3198	2599
3199	4369
3200	2597
3201	4368
3202	1069
3203	4367
3204	2596
3205	4385
3206	1066
3207	2592
3208	2593
3209	1065
3210	1064
3211	4387
3212	2594
3213	2595
3214	1063
3215	4388
3216	1062
3217	4381
3218	4382
3219	1061
3220	4383
3221	2590
3222	2591
3223	2586
3224	4379
3225	1058
3226	4378
3227	1059
3228	1056
3229	1057
3230	2580
3231	4351
3232	4350
3233	2584
3234	2583
3235	4354
3236	2582
3237	4352
3238	5400
3239	2576
3240	2577
3241	2574
3242	4345
3243	4346
3244	2575
3245	2578
3246	4349
3247	2579
3248	4360
3249	4362
3250	2571
3251	5410
3252	2570
3253	4363
3254	2573
3255	4366
3256	2572
3257	4365
3258	5409
3259	2563
3260	4356
3261	5404
3262	5403
3263	4357
3264	2564
3265	5402
3266	2565
3267	4358
3268	5401
3269	2567
3270	5408
3271	2568
3272	2569
3273	5406
3274	2562
3275	2561
3276	4331
3277	4330
3278	4329
3279	2558
3280	4328
3281	2557
3282	4323
3283	4324
3284	2553
3285	4342
3286	4341
3287	2551
3288	4343
3289	2550
3290	4338
3291	2545
3292	4339
3293	2547
3294	2548
3295	2541
3296	4334
3297	4335
3298	2542
3299	4336
3300	4337
3301	2544
3302	4302
3303	1003
3304	5436
3305	1004
3306	4301
3307	1001
3308	5434
3309	4304
3310	4303
3311	1002
3312	5435
3313	1007
3314	4305
3315	1008
3316	1005
3317	4308
3318	5438
3319	4307
3320	1006
3321	4309
3322	1009
3323	5440
3324	1011
3325	1010
3326	5443
3327	4310
3328	5442
3329	4311
3330	5441
3331	5445
3332	4314
3333	5446
3334	4313
3335	4312
3336	4319
3337	4318
3338	4317
3339	5451
3340	5450
3341	5453
3342	4321
3343	5452
3344	4322
3345	1000
3346	4320
3347	5454
3348	5418
3349	5416
3350	5417
3351	5414
3352	5415
3353	5412
3354	5413
3355	5422
3356	5420
3357	5427
3358	5428
3359	5429
3360	5423
3361	5424
3362	5425
3363	5426
3364	5431
3365	4300
3366	5430
3367	5433
3368	5432
3369	1048
3370	5479
3371	1046
3372	1045
3373	5478
3374	1049
3375	5483
3376	1050
3377	1051
3378	5484
3379	5482
3380	1054
3381	5487
3382	1055
3383	5488
3384	5485
3385	1052
3386	5486
3387	1035
3388	5489
3389	1034
3390	1037
3391	1036
3392	5492
3393	5493
3394	5494
3395	5495
3396	1040
3397	5496
3398	1041
3399	1042
3400	5498
3401	1044
3402	5499
3403	5490
3404	5491
3405	1029
3406	1028
3407	1027
3408	5459
3409	1025
3410	1024
3411	5457
3412	1023
3413	5456
3414	1032
3415	5465
3416	1033
3417	5466
3418	1030
3419	1031
3420	5464
3421	5461
3422	5462
3423	5460
3424	1017
3425	1016
3426	1019
3427	1013
3428	1012
3429	5467
3430	1015
3431	5469
3432	1020
3433	5475
3434	1021
3435	5477
3436	1022
3437	5470
3438	5472
3439	5473
3440	5370
3441	5374
3442	3282
3443	3281
3444	5373
3445	3284
3446	5372
3447	3283
3448	5371
3449	3286
3450	3285
3451	5375
3452	3287
3453	3278
3454	6093
3455	6095
3456	6096
3457	6090
3458	6092
3459	3295
3460	3294
3461	5360
3462	5363
3463	5362
3464	3292
3465	3299
3466	6097
3467	5365
3468	6098
3469	5364
3470	3298
3471	6099
3472	5366
3473	3296
3474	5357
3475	5358
3476	5359
3477	3289
3478	6080
3479	6081
3480	6084
3481	6085
3482	6083
3483	5356
3484	5355
3485	6089
3486	6086
3487	5354
3488	5353
3489	5352
3490	5351
3491	5350
3492	5348
3493	5349
3494	5346
3495	5347
3496	6070
3497	6071
3498	6072
3499	6073
3500	6074
3501	6075
3502	6076
3503	6077
3504	5345
3505	2100
3506	5344
3507	6078
3508	6079
3509	5341
3510	5340
3511	5339
3512	5336
3513	5337
3514	5338
3515	2111
3516	3241
3517	5333
3518	2110
3519	5334
3520	5331
3521	3243
3522	3244
3523	5332
3524	2109
3525	2103
3526	3235
3527	5327
3528	5326
3529	3234
3530	2101
3531	3237
3532	5325
3533	2102
3534	5324
3535	2107
3536	2108
3537	3238
3538	2105
3539	5329
3540	3250
3541	3251
3542	2120
3543	3254
3544	3255
3545	5322
3546	3252
3547	5323
3548	3253
3549	2112
3550	5314
3551	3248
3552	3247
3553	5313
3554	2113
3555	5316
3556	2114
3557	3246
3558	3245
3559	5315
3560	2115
3561	5318
3562	2117
3563	2118
3564	2119
3565	5311
3566	2133
3567	2132
3568	3264
3569	5312
3570	2131
3571	2130
3572	5310
3573	3266
3574	3262
3575	2129
3576	5308
3577	2127
3578	5307
3579	5306
3580	2128
3581	2125
3582	3257
3583	5305
3584	5304
3585	3256
3586	2126
3587	3259
3588	5303
3589	3258
3590	5302
3591	2141
3592	5300
3593	2144
3594	3274
3595	2143
3596	3275
3597	5301
3598	3273
3599	2140
3600	3270
3601	3271
3602	2138
3603	2139
3604	2134
3605	3269
3606	3268
3607	3267
3608	2137
3609	2146
3610	2145
3611	2148
3612	2147
3613	6018
3614	6017
3615	6019
3616	6024
3617	6025
3618	6026
3619	6027
3620	2152
3621	6020
3622	2153
3623	6021
3624	6022
3625	2154
3626	6023
3627	3201
3628	2159
3629	3202
3630	2158
3631	3203
3632	2157
3633	3204
3634	6009
3635	3205
3636	3206
3637	6008
3638	3207
3639	6007
3640	3208
3641	3209
3642	6015
3643	6016
3644	6013
3645	2160
3646	6011
3647	6012
3648	3210
3649	2164
3650	6010
3651	3218
3652	3219
3653	3216
3654	3217
3655	3214
3656	2168
3657	2167
3658	3215
3659	3212
3660	3213
3661	3222
3662	3221
3663	2175
3664	3220
3665	6000
3666	6001
3667	2177
3668	6002
3669	2170
3670	6003
3671	2172
3672	6005
3673	2173
3674	3229
3675	3223
3676	3224
3677	3225
3678	2179
3679	2180
3680	3231
3681	2188
3682	3230
3683	3233
3684	2185
3685	2183
3686	2184
3687	2181
3688	2182
3689	2189
3690	2193
3691	6069
3692	6068
3693	2192
3694	2195
3695	2194
3696	6065
3697	6064
3698	6067
3699	6066
3700	2198
3701	6061
3702	6060
3703	6063
3704	6062
3705	2191
3706	2190
3707	6059
3708	6058
3709	6057
3710	6055
3711	6054
3712	6053
3713	6050
3714	6039
3715	6043
3716	6042
3717	6045
3718	6047
3719	6046
3720	6049
3721	6048
3722	6041
3723	6040
3724	6028
3725	6033
3726	6032
3727	6031
3728	6037
3729	6036
3730	6030
3731	5379
3732	5385
3733	5382
3734	5383
3735	5389
3736	5386
3737	5380
3738	5381
3739	5393
3740	5394
3741	5397
3742	5399
3743	5390
3744	5392
3745	5235
3746	5234
3747	2210
3748	5233
3749	5232
3750	5231
3751	5230
3752	2209
3753	2208
3754	2207
3755	2206
3756	5229
3757	2205
3758	2204
3759	2203
3760	5227
3761	5228
3762	2201
3763	5225
3764	2200
3765	5226
3766	5222
3767	2220
3768	5223
3769	5220
3770	2219
3771	2216
3772	2217
3773	2212
3774	5214
3775	5215
3776	2211
3777	2214
3778	5216
3779	5217
3780	5253
3781	5252
3782	5251
3783	5250
3784	5257
3785	5256
3786	5255
3787	5254
3788	5249
3789	3399
3790	5248
3791	5240
3792	5242
3793	5241
3794	5244
3795	5243
3796	5245
3797	5237
3798	5238
3799	5239
3800	2254
3801	3385
3802	2253
3803	3386
3804	2251
3805	3387
3806	2250
3807	3380
3808	3381
3809	3382
3810	3383
3811	2248
3812	2249
3813	3378
3814	2247
3815	3377
3816	2244
3817	3379
3818	2245
3819	3390
3820	2263
3821	3397
3822	3398
3823	2262
3824	3395
3825	2265
3826	3396
3827	3394
3828	3391
3829	2261
3830	3392
3831	2260
3832	2255
3833	2256
3834	2257
3835	2258
3836	3388
3837	3360
3838	3361
3839	5212
3840	3362
3841	2231
3842	3363
3843	5213
3844	2230
3845	5210
3846	3364
3847	3365
3848	5211
3849	3356
3850	2224
3851	5206
3852	5205
3853	2225
3854	3355
3855	3358
3856	2222
3857	5204
3858	2223
3859	5203
3860	2228
3861	3359
3862	2229
3863	5209
3864	2226
3865	2227
3866	5207
3867	3371
3868	3372
3869	3370
3870	2241
3871	3375
3872	5200
3873	3376
3874	2240
3875	2243
3876	3373
3877	3374
3878	5202
3879	2242
3880	3369
3881	2233
3882	3368
3883	2236
3884	3366
3885	2238
3886	2239
3887	3339
3888	3338
3889	2289
3890	3335
3891	3336
3892	2288
3893	3333
3894	3334
3895	2295
3896	3343
3897	3342
3898	2296
3899	3341
3900	2297
3901	3340
3902	2298
3903	2291
3904	2293
3905	2294
3906	3348
3907	3349
3908	3344
3909	3345
3910	2299
3911	3347
3912	3354
3913	3319
3914	3313
3915	2266
3916	3311
3917	2269
3918	2268
3919	3317
3920	3318
3921	3315
3922	3316
3923	2271
3924	3321
3925	2273
3926	2274
3927	3320
3928	2275
3929	2276
3930	3322
3931	2279
3932	2278
3933	3324
3934	3325
3935	3326
3936	3327
3937	3328
3938	2283
3939	2280
3940	2281
3941	3330
3942	2286
3943	2287
3944	2284
3945	2285
3946	3331
3947	3304
3948	3306
3949	3301
3950	3300
3951	3303
3952	3308
3953	5259
3954	5258
3955	5264
3956	5261
3957	5262
3958	5267
3959	5268
3960	5265
3961	5266
3962	5269
3963	5270
3964	5272
3965	5274
3966	5275
3967	5276
3968	5277
3969	5278
3970	5279
3971	5289
3972	5287
3973	5288
3974	5285
3975	5283
3976	5284
3977	5290
3978	5292
3979	5293
3980	5298
3981	5294
3982	5295
3983	5296
3984	5297
3985	3477
3986	3476
3987	3479
3988	3478
3989	3480
3990	3481
3991	3482
3992	3483
3993	3484
3994	3485
3995	3486
3996	3489
3997	3488
3998	3487
3999	3492
4000	3493
4001	3490
4002	3491
4003	3497
4004	3494
4005	3499
4006	3498
4007	5128
4008	5129
4009	5126
4010	5127
4011	5131
4012	5130
4013	5136
4014	5135
4015	5134
4016	5116
4017	5118
4018	5119
4019	5121
4020	5120
4021	5123
4022	5122
4023	5108
4024	5109
4025	5106
4026	5107
4027	5104
4028	5114
4029	5112
4030	5110
4031	5101
4032	5103
4033	4043
4034	4042
4035	4040
4036	4047
4037	4046
4038	4045
4039	4044
4040	4039
4041	4037
4042	4032
4043	4031
4044	6299
4045	4034
4046	6298
4047	4033
4048	6297
4049	4036
4050	6296
4051	6295
4052	6294
4053	6291
4054	3408
4055	3407
4056	3409
4057	4026
4058	4027
4059	4028
4060	3402
4061	4029
4062	3401
4063	3404
4064	4025
4065	6285
4066	6284
4067	3420
4068	6287
4069	4023
4070	6286
4071	4021
4072	6289
4073	6280
4074	3419
4075	3418
4076	3417
4077	3416
4078	4019
4079	3415
4080	3414
4081	4017
4082	3413
4083	3412
4084	4018
4085	4015
4086	3410
4087	4016
4088	4012
4089	6276
4090	6275
4091	4011
4092	4014
4093	3430
4094	3431
4095	6273
4096	4010
4097	6278
4098	6277
4099	6272
4100	6271
4101	6270
4102	3429
4103	3426
4104	3425
4105	4009
4106	3428
4107	4004
4108	4005
4109	3421
4110	3424
4111	4006
4112	4007
4113	3423
4114	6260
4115	6266
4116	3442
4117	6262
4118	6263
4119	4003
4120	3440
4121	4000
4122	6265
4123	4001
4124	3435
4125	3432
4126	3433
4127	3438
4128	6259
4129	3439
4130	3436
4131	6250
4132	6257
4133	6258
4134	6255
4135	6256
4136	6253
4137	6254
4138	3450
4139	6251
4140	3453
4141	3445
4142	3446
4143	3447
4144	3449
4145	6249
4146	6248
4147	6240
4148	3464
4149	6241
4150	3463
4151	6243
4152	3461
4153	3460
4154	6244
4155	6245
4156	6247
4157	6238
4158	6237
4159	3458
4160	6239
4161	3456
4162	3454
4163	3455
4164	6231
4165	3472
4166	3475
4167	3474
4168	6235
4169	6236
4170	3471
4171	3470
4172	3469
4173	6229
4174	6228
4175	6227
4176	6226
4177	3465
4178	3468
4179	6204
4180	6205
4181	6206
4182	6207
4183	6208
4184	6209
4185	6210
4186	6212
4187	6211
4188	6214
4189	6213
4190	6215
4191	6219
4192	6221
4193	6220
4194	6224
4195	6223
4196	6222
4197	4097
4198	4096
4199	4095
4200	4099
4201	4090
4202	4094
4203	4093
4204	6203
4205	6202
4206	6201
4207	6200
4208	4071
4209	4072
4210	4077
4211	4075
4212	4080
4213	4081
4214	4082
4215	4083
4216	4089
4217	4085
4218	4086
4219	4087
4220	3501
4221	4049
4222	4048
4223	3504
4224	3505
4225	3502
4226	3503
4227	3508
4228	3509
4229	3506
4230	4051
4231	4052
4232	4056
4233	4059
4234	4060
4235	4062
4236	4063
4237	4064
4238	4065
4239	4067
4240	4068
4241	4069
4242	5168
4243	5167
4244	5164
4245	5165
4246	5163
4247	5160
4248	5161
4249	5159
4250	5178
4251	5179
4252	5173
4253	5174
4254	5176
4255	5170
4256	5142
4257	5143
4258	5140
4259	5146
4260	5144
4261	5145
4262	5139
4263	5138
4264	5137
4265	5152
4266	5153
4267	5155
4268	5156
4269	5158
4270	5150
4271	5149
4272	5148
4273	5183
4274	5182
4275	5187
4276	5186
4277	5185
4278	5189
4279	5188
4280	5190
4281	5192
4282	5191
4283	5193
4284	5196
4285	5195
4286	5198
4287	5199
4288	2008
4289	7206
4290	7208
4291	2006
4292	2007
4293	7207
4294	2004
4295	7209
4296	2002
4297	2003
4298	7210
4299	7211
4300	7215
4301	2017
4302	2019
4303	2013
4304	2014
4305	2015
4306	2016
4307	2020
4308	2023
4309	2022
4310	7203
4311	7204
4312	7201
4313	7202
4314	3598
4315	3597
4316	3599
4317	7228
4318	7227
4319	7229
4320	7234
4321	7235
4322	7236
4323	7230
4324	7232
4325	7233
4326	7219
4327	7218
4328	7217
4329	7216
4330	7225
4331	7226
4332	7224
4333	7221
4334	7222
4335	2000
4336	7220
4337	7253
4338	7252
4339	7255
4340	7254
4341	7251
4342	7250
4343	7238
4344	7239
4345	6196
4346	7244
4347	6197
4348	7243
4349	7242
4350	6198
4351	6199
4352	7241
4353	7248
4354	7247
4355	7245
4356	6190
4357	6191
4358	6192
4359	6194
4360	5007
4361	5008
4362	5005
4363	5006
4364	5009
4365	5011
4366	5014
4367	5002
4368	5001
4369	5004
4370	5003
4371	2090
4372	2091
4373	6160
4374	6162
4375	6164
4376	2098
4377	2097
4378	6163
4379	6166
4380	2099
4381	6168
4382	2094
4383	2093
4384	6167
4385	2096
4386	2095
4387	6169
4388	3538
4389	3537
4390	3536
4391	3535
4392	3532
4393	3531
4394	3539
4395	6151
4396	6150
4397	6155
4398	3550
4399	6153
4400	3552
4401	6159
4402	6157
4403	6156
4404	3546
4405	6149
4406	3548
4407	3543
4408	3542
4409	3545
4410	3544
4411	6182
4412	6181
4413	6184
4414	6183
4415	6180
4416	2072
4417	6189
4418	2073
4419	2076
4420	2075
4421	6185
4422	6188
4423	2077
4424	3512
4425	2068
4426	3511
4427	2069
4428	3510
4429	3516
4430	3515
4431	3513
4432	3519
4433	3517
4434	6173
4435	6171
4436	6170
4437	2080
4438	2085
4439	2084
4440	6179
4441	2083
4442	2082
4443	6178
4444	2089
4445	6176
4446	2088
4447	2087
4448	6175
4449	2086
4450	6174
4451	3521
4452	3520
4453	2079
4454	3523
4455	3524
4456	3527
4457	3526
4458	3529
4459	3528
4460	2053
4461	3585
4462	2054
4463	3584
4464	6120
4465	2055
4466	3583
4467	2056
4468	6123
4469	3581
4470	6124
4471	2050
4472	3580
4473	2051
4474	2052
4475	6126
4476	6117
4477	6116
4478	3579
4479	6119
4480	6118
4481	2047
4482	2046
4483	3578
4484	2049
4485	3575
4486	3576
4487	2048
4488	6110
4489	3593
4490	2064
4491	3596
4492	3595
4493	2065
4494	6114
4495	3590
4496	6115
4497	3592
4498	2060
4499	6112
4500	2061
4501	6108
4502	6107
4503	6106
4504	6105
4505	3586
4506	2059
4507	3587
4508	2058
4509	3589
4510	6109
4511	2057
4512	6145
4513	6146
4514	6147
4515	6148
4516	2030
4517	6141
4518	3562
4519	2032
4520	6142
4521	3561
4522	6144
4523	2034
4524	3555
4525	2025
4526	3556
4527	6139
4528	2029
4529	3559
4530	6138
4531	2028
4532	3557
4533	3558
4534	6137
4535	2041
4536	6134
4537	6135
4538	6132
4539	3572
4540	2044
4541	6133
4542	6130
4543	3574
4544	3573
4545	2043
4546	3564
4547	2038
4548	3565
4549	2037
4550	2036
4551	3566
4552	3567
4553	2035
4554	3568
4555	3569
4556	6128
4557	2039
4558	6127
4559	6100
4560	6104
4561	6102
4562	6101
4563	3629
4564	3627
4565	3628
4566	3621
4567	3622
4568	3620
4569	3626
4570	3623
4571	3616
4572	3617
4573	3618
4574	3610
4575	3611
4576	3612
4577	3613
4578	3614
4579	3615
4580	3609
4581	3608
4582	3606
4583	3603
4584	3601
4585	3602
4586	5021
4587	5022
4588	5025
4589	5026
4590	5019
4591	5018
4592	5017
4593	5030
4594	5031
4595	5032
4596	5033
4597	5034
4598	5035
4599	5028
4600	5027
4601	5029
4602	5048
4603	5043
4604	5044
4605	5041
4606	5039
4607	5038
4608	5050
4609	5051
4610	5057
4611	5059
4612	5052
4613	5053
4614	5055
4615	5049
4616	5066
4617	5065
4618	5064
4619	5063
4620	5069
4621	5068
4622	5067
4623	5062
4624	5061
4625	5060
4626	5074
4627	5077
4628	5076
4629	5078
4630	5070
4631	5072
4632	5089
4633	5086
4634	5085
4635	5083
4636	5082
4637	5081
4638	5097
4639	5096
4640	5099
4641	5093
4642	5095
4643	5094
4644	5091
4645	5090
4646	6491
4647	6497
4648	6496
4649	6495
4650	6469
4651	6470
4652	6474
4653	6473
4654	6472
4655	6471
4656	6475
4657	6479
4658	6481
4659	6480
4660	6483
4661	6482
4662	6485
4663	6484
4664	6487
4665	6486
4666	6489
4667	3680
4668	3684
4669	3681
4670	3682
4671	3676
4672	3675
4673	3693
4674	3695
4675	3686
4676	3685
4677	3688
4678	3687
4679	3698
4680	3696
4681	3640
4682	3638
4683	3639
4684	3632
4685	3633
4686	3630
4687	3631
4688	3636
4689	3637
4690	3634
4691	3635
4692	3651
4693	3650
4694	3649
4695	3643
4696	3644
4697	3645
4698	3646
4699	3648
4700	3661
4701	3658
4702	3656
4703	3657
4704	3654
4705	3655
4706	3652
4707	3653
4708	3670
4709	3673
4710	3669
4711	3663
4712	3664
4713	3665
4714	3666
4715	3725
4716	3724
4717	3722
4718	3720
4719	3729
4720	3728
4721	3727
4722	3712
4723	3711
4724	3714
4725	3710
4726	3716
4727	3715
4728	3718
4729	3717
4730	3743
4731	3740
4732	3747
4733	3746
4734	3745
4735	3744
4736	3749
4737	3750
4738	3732
4739	3731
4740	3734
4741	3736
4742	3738
4743	3737
4744	3739
4745	3706
4746	3707
4747	3704
4748	3705
4749	3708
4750	3709
4751	3702
4752	3703
4753	3701
4754	6423
4755	6422
4756	6415
4757	6416
4758	6413
4759	6417
4760	6418
4761	6410
4762	6411
4763	6403
4764	6405
4765	6407
4766	6408
4767	6409
4768	6400
4769	6462
4770	6460
4771	6467
4772	6464
4773	6465
4774	6459
4775	6457
4776	6451
4777	6452
4778	6453
4779	6454
4780	6455
4781	6456
4782	6447
4783	6446
4784	6449
4785	6444
4786	6445
4787	6442
4788	6443
4789	6440
4790	6441
4791	6439
4792	6436
4793	6435
4794	6431
4795	6432
4796	6433
4797	6434
4798	6430
4799	6429
4800	6428
4801	6425
4802	6424
4803	6427
4804	6426
4805	6347
4806	159
4807	158
4808	157
4809	155
4810	6353
4811	6352
4812	150
4813	6351
4814	6350
4815	151
4816	6356
4817	6354
4818	6358
4819	169
4820	6359
4821	166
4822	165
4823	168
4824	167
4825	6362
4826	6361
4827	162
4828	6364
4829	163
4830	6363
4831	164
4832	6366
4833	6365
4834	6368
4835	160
4836	6367
4837	6360
4838	179
4839	6369
4840	170
4841	6379
4842	6378
4843	171
4844	6377
4845	6376
4846	6375
4847	175
4848	6374
4849	6373
4850	172
4851	173
4852	6370
4853	188
4854	189
4855	6388
4856	180
4857	6387
4858	181
4859	182
4860	6389
4861	6384
4862	183
4863	6383
4864	185
4865	186
4866	6380
4867	6382
4868	6381
4869	117
4870	114
4871	115
4872	113
4873	111
4874	118
4875	119
4876	6392
4877	6393
4878	6391
4879	6396
4880	6394
4881	6395
4882	6398
4883	6399
4884	125
4885	126
4886	127
4887	128
4888	121
4889	122
4890	123
4891	124
4892	120
4893	134
4894	135
4895	132
4896	138
4897	139
4898	136
4899	137
4900	131
4901	130
4902	143
4903	144
4904	145
4905	148
4906	149
4907	140
4908	142
4909	141
4910	3798
4911	3796
4912	3795
4913	3799
4914	195
4915	3783
4916	194
4917	197
4918	3781
4919	196
4920	190
4921	3779
4922	3777
4923	3778
4924	3775
4925	198
4926	3776
4927	199
4928	3773
4929	3792
4930	3794
4931	3790
4932	3788
4933	3789
4934	3785
4935	3786
4936	3787
4937	3760
4938	3753
4939	3751
4940	3752
4941	3758
4942	3755
4943	3759
4944	3770
4945	3772
4946	3771
4947	3762
4948	3763
4949	3764
4950	3765
4951	3766
4952	3767
4953	3768
4954	3769
4955	3869
4956	3863
4957	3862
4958	3861
4959	3868
4960	3866
4961	3870
4962	3871
4963	3859
4964	3858
4965	3851
4966	3850
4967	3853
4968	3852
4969	3855
4970	3854
4971	3857
4972	3856
4973	3860
4974	3849
4975	3848
4976	3847
4977	3844
4978	3843
4979	3841
4980	3840
4981	3837
4982	3836
4983	3839
4984	3833
4985	3832
4986	3835
4987	3831
4988	3830
4989	3820
4990	3823
4991	3824
4992	3821
4993	3827
4994	3828
4995	3829
4996	3810
4997	3811
4998	3812
4999	3814
5000	3815
5001	3816
5002	3817
5003	3818
5004	3819
5005	3801
5006	3802
5007	3800
5008	3809
5009	3807
5010	3808
5011	3805
5012	3806
5013	3803
5014	3804
5015	6302
5016	6301
5017	107
5018	106
5019	105
5020	104
5021	103
5022	101
5023	100
5024	6324
5025	6321
5026	6322
5027	6320
5028	6317
5029	6316
5030	6315
5031	6314
5032	6310
5033	6311
5034	6313
5035	6308
5036	6309
5037	6304
5038	6303
5039	6342
5040	6340
5041	6345
5042	6343
5043	6344
5044	6339
5045	6337
5046	6336
5047	6330
5048	6331
5049	6332
5050	6333
5051	6334
5052	6335
5053	6325
5054	6328
5055	6327
5056	6329
5057	4971
5058	4970
5059	4963
5060	4961
5061	4962
5062	4967
5063	4968
5064	4965
5065	4966
5066	4969
5067	4980
5068	4982
5069	4981
5070	4972
5071	4973
5072	4974
5073	4975
5074	4977
5075	4978
5076	4993
5077	4992
5078	4991
5079	4990
5080	4989
5081	4987
5082	4985
5083	4986
5084	4984
5085	4998
5086	4999
5087	4994
5088	4995
5089	4996
5090	3874
5091	3005
5092	3006
5093	3875
5094	3872
5095	3003
5096	3004
5097	3873
5098	3009
5099	3878
5100	3879
5101	3007
5102	3876
5103	3008
5104	3877
5105	3882
5106	3013
5107	3881
5108	3012
5109	3880
5110	3011
5111	3010
5112	3883
5113	3884
5114	3885
5115	3886
5116	3888
5117	3889
5118	3000
5119	3890
5120	3002
5121	3893
5122	3001
5123	3892
5124	3898
5125	3029
5126	3899
5127	3027
5128	3897
5129	3028
5130	3894
5131	3025
5132	3026
5133	3035
5134	3034
5135	3033
5136	3032
5137	3031
5138	3018
5139	3019
5140	3016
5141	3023
5142	3020
5143	3049
5144	3048
5145	3052
5146	3053
5147	3056
5148	3057
5149	3054
5150	3055
5151	3037
5152	3036
5153	3039
5154	3038
5155	3040
5156	3041
5157	3043
5158	3045
5159	3046
5160	3069
5161	3070
5162	3071
5163	3078
5164	3079
5165	3074
5166	3075
5167	3072
5168	3073
5169	3059
5170	3058
5171	3060
5172	3065
5173	3067
5174	3068
5175	3062
5176	3063
5177	3064
5178	3088
5179	3087
5180	3086
5181	3085
5182	3084
5183	6621
5184	3083
5185	3082
5186	3080
5187	6619
5188	3928
5189	3929
5190	3926
5191	3927
5192	6612
5193	3922
5194	3923
5195	3920
5196	6614
5197	6613
5198	3921
5199	6616
5200	6615
5201	6618
5202	6617
5203	3099
5204	3098
5205	3095
5206	3094
5207	6610
5208	3097
5209	3096
5210	3091
5211	3090
5212	3093
5213	3917
5214	3918
5215	3919
5216	6608
5217	3913
5218	3914
5219	3916
5220	6603
5221	6602
5222	3910
5223	6601
5224	3911
5225	3912
5226	6606
5227	6604
5228	3948
5229	3949
5230	3946
5231	3947
5232	3940
5233	3944
5234	3942
5235	3943
5236	3935
5237	3936
5238	3937
5239	3938
5240	3931
5241	3932
5242	3933
5243	3934
5244	3967
5245	3965
5246	3964
5247	3963
5248	3962
5249	3961
5250	3960
5251	3954
5252	3953
5253	3956
5254	3955
5255	3952
5256	3951
5257	3958
5258	3957
5259	3959
5260	3992
5261	3990
5262	3985
5263	3984
5264	3983
5265	3986
5266	3980
5267	3981
5268	3972
5269	3971
5270	3974
5271	3973
5272	3975
5273	3978
5274	3977
5275	3979
5276	6688
5277	6691
5278	6693
5279	6694
5280	6695
5281	6697
5282	6698
5283	6690
5284	6678
5285	6686
5286	6684
5287	6683
5288	6680
5289	6681
5290	6666
5291	6669
5292	6673
5293	6674
5294	6675
5295	6676
5296	6671
5297	6672
5298	6657
5299	6658
5300	6655
5301	6656
5302	6659
5303	6660
5304	6665
5305	6664
5306	6663
5307	6662
5308	6644
5309	6647
5310	6649
5311	6650
5312	6652
5313	6651
5314	6654
5315	6639
5316	6637
5317	6638
5318	3901
5319	6633
5320	6634
5321	3902
5322	3904
5323	3907
5324	3906
5325	3908
5326	6643
5327	6640
5328	6627
5329	6628
5330	6629
5331	6622
5332	6623
5333	6624
5334	6625
5335	6631
5336	6595
5337	3110
5338	3111
5339	3112
5340	6599
5341	6598
5342	6597
5343	6596
5344	6591
5345	6590
5346	6589
5347	3103
5348	3105
5349	3104
5350	3100
5351	3101
5352	3148
5353	3146
5354	3156
5355	3155
5356	3154
5357	3153
5358	3152
5359	3151
5360	3150
5361	3135
5362	3136
5363	3137
5364	3138
5365	3143
5366	3142
5367	3144
5368	3141
5369	3995
5370	3127
5371	3996
5372	3124
5373	3994
5374	3999
5375	3997
5376	3129
5377	3998
5378	3130
5379	3134
5380	3133
5381	3132
5382	3113
5383	3114
5384	3115
5385	3116
5386	3117
5387	3118
5388	3119
5389	3121
5390	3120
5391	3123
5392	3122
5393	3199
5394	3197
5395	3198
5396	3195
5397	3196
5398	3193
5399	3194
5400	3192
5401	3190
5402	3179
5403	3187
5404	3188
5405	3189
5406	3182
5407	3183
5408	3184
5409	3185
5410	3180
5411	3181
5412	3169
5413	3168
5414	3173
5415	3178
5416	3176
5417	3158
5418	3157
5419	3159
5420	3160
5421	3161
5422	3163
5423	3164
5424	3165
5425	3167
5426	1970
5427	1971
5428	1972
5429	1973
5430	1974
5431	1976
5432	1977
5433	1979
5434	1990
5435	1983
5436	1980
5437	1981
5438	1986
5439	1987
5440	1984
5441	1988
5442	6500
5443	1995
5444	1996
5445	1998
5446	1991
5447	1994
5448	1999
5449	6559
5450	6557
5451	6556
5452	6565
5453	6566
5454	6563
5455	6564
5456	6561
5457	6562
5458	6560
5459	6549
5460	6546
5461	6548
5462	6547
5463	1900
5464	1902
5465	1903
5466	1904
5467	1905
5468	1906
5469	1907
5470	1909
5471	1908
5472	6552
5473	6553
5474	6554
5475	6555
5476	6550
5477	6551
5478	1910
5479	6579
5480	6578
5481	1917
5482	1916
5483	1914
5484	1911
5485	6580
5486	1919
5487	6584
5488	6581
5489	6588
5490	6585
5491	6586
5492	6567
5493	1920
5494	6569
5495	1921
5496	1926
5497	1927
5498	1928
5499	1929
5500	1923
5501	1924
5502	1925
5503	6570
5504	6571
5505	6574
5506	6575
5507	6576
5508	6577
5509	1936
5510	1935
5511	1934
5512	1933
5513	1938
5514	1937
5515	6518
5516	6519
5517	6516
5518	6514
5519	6515
5520	1931
5521	1930
5522	6512
5523	6513
5524	6522
5525	6521
5526	6520
5527	1945
5528	1944
5529	1947
5530	1946
5531	6509
5532	1948
5533	6505
5534	6506
5535	6507
5536	6501
5537	1941
5538	6502
5539	1940
5540	1943
5541	1942
5542	6504
5543	6511
5544	6510
5545	1956
5546	1955
5547	6536
5548	1953
5549	6537
5550	6534
5551	6535
5552	1951
5553	6538
5554	6539
5555	6540
5556	6543
5557	6542
5558	6541
5559	1966
5560	1969
5561	1968
5562	1963
5563	6523
5564	1962
5565	6524
5566	1965
5567	6525
5568	6526
5569	6527
5570	6528
5571	6529
5572	1961
5573	6531
5574	6533
5575	6532
